 MAPE: 0.06209439814717037 MSE: 0.012237079484141052 methods: ('lstm', 58.04009883)('rfr', 21.16855793)('kr', 20.79134323)
 MAPE: 0.06271039244512801 MSE: 0.012132174774651764 methods: ('lstm', 58.69194046)('rfr', 20.83997582)('kr', 20.46808372)
 MAPE: 0.0674364587265323 MSE: 0.013940251926620179 methods: ('lstm', 58.20925634)('rfr', 21.08436642)('kr', 20.70637724)
 MAPE: 0.06356472306782976 MSE: 0.013095503643865029 methods: ('lstm', 58.23059931)('rfr', 21.0727739)('kr', 20.69662679)
 MAPE: 0.054198551131290684 MSE: 0.009566713855337378 methods: ('lstm', 44.39741913)('cnn', 39.36931227)('rfr', 16.2332686)
 MAPE: 0.054198551131290684 MSE: 0.009566713855337378 methods: ('lstm', 44.39741913)('cnn', 39.36931227)('rfr', 16.2332686)
 MAPE: 0.09365821282182563 MSE: 0.025160923691958638 methods: ('lstm', 55.22614473)('rfr', 22.58842681)('kr', 22.18542846)
 MAPE: 0.05634658254511447 MSE: 0.010086381500869239 methods: ('lstm', 44.80901765)('cnn', 39.15755229)('rfr', 16.03343007)
 MAPE: 0.06011445151775872 MSE: 0.011263346598194817 methods: ('lstm', 58.41115556)('rfr', 20.98196361)('kr', 20.60688083)
 MAPE: 0.05222539683232803 MSE: 0.00853493080098444 methods: ('lstm', 52.96205217)('cnn', 28.28080633)('rfr', 18.7571415)
 MAPE: 0.09249111793845177 MSE: 0.024574700922865556 methods: ('lstm', 55.22647944)('rfr', 22.58880797)('kr', 22.18471259)
 MAPE: 0.0571118097024143 MSE: 0.010663741775419448 methods: ('lstm', 43.86242195)('cnn', 40.35107957)('rfr', 15.78649848)
 MAPE: 0.09521596547260003 MSE: 0.025944879765079094 methods: ('lstm', 55.2035255)('rfr', 22.59995774)('kr', 22.19651677)
 MAPE: 0.11200431227420903 MSE: 0.034974126536630894 methods: ('rfr', 28.22834745)('kr', 27.72443182)('svr', 25.93509474)('lstm', 18.11212598)
 MAPE: 0.09521596547260003 MSE: 0.025944879765079094 methods: ('lstm', 55.2035255)('rfr', 22.59995774)('kr', 22.19651677)
 MAPE: 0.09521596547260003 MSE: 0.025944879765079094 methods: ('lstm', 55.2035255)('rfr', 22.59995774)('kr', 22.19651677)
 MAPE: 0.07049792671260115 MSE: 0.016428616948459915 methods: ('lstm', 41.44015582)('rfr', 16.96532535)('kr', 16.66247047)('svr', 15.58707328)('hw', 9.34497508)
 MAPE: 0.08198819156601378 MSE: 0.021651156588656222 methods: ('rfr', 24.4297715)('kr', 23.99366578)('svr', 22.44511265)('lstm', 15.67484954)('hw', 13.45660052)
 MAPE: 0.0663430967738305 MSE: 0.014000269196791326 methods: ('rfr', 22.96012331)('kr', 22.55306057)('lstm', 21.44030807)('svr', 21.09748421)('hw', 11.94902384)
 MAPE: 0.14870680021376806 MSE: 1.362209091247672 methods: ('lstm', 73.64544296)('cnn', 22.51578808)('rfr', 3.83876896)
 MAPE: 0.2458321718635027 MSE: 3.732268610556477 methods: ('cnn', 48.95650457)('lstm', 42.6768729)('rfr', 8.36662254)
 MAPE: 0.20389221879443162 MSE: 2.5703156670288374 methods: ('lstm', 53.89008968)('cnn', 39.27216019)('rfr', 6.83775013)
 MAPE: 0.14130539994273097 MSE: 1.3187242293463126 methods: ('lstm', 74.15850506)('cnn', 22.0441255)('rfr', 3.79736944)
