 MAPE: 0.471936555333071 MSE: 0.025904549810877725 methods: ('lstm', 53.3569714)('rfr', 26.40450178)('kr', 20.23852683)
 MAPE: 0.5136999735038073 MSE: 0.027884817954023314 methods: ('lstm', 41.98568357)('cnn', 37.25314865)('rfr', 20.76116778)
 MAPE: 0.5204242356803153 MSE: 0.028677280374638178 methods: ('lstm', 35.34549489)('cnn', 33.73687235)('rfr', 17.5109358)('kr', 13.40669696)
 MAPE: 0.5093380745169708 MSE: 0.02774577784828307 methods: ('lstm', 36.66966825)('cnn', 35.01784495)('rfr', 14.40352523)('kr', 13.90896157)
 MAPE: 0.6006874796504095 MSE: 0.039760644216691246 methods: ('cnn', 51.55090042)('rfr', 24.34988334)('kr', 23.49002282)('lstm', 0.60919342)
 MAPE: 0.5029716609877869 MSE: 0.02771398063548783 methods: ('cnn', 38.65579146)('lstm', 34.75161952)('rfr', 13.53486288)('kr', 13.05772614)
 MAPE: 0.42927037892987036 MSE: 0.021862814768907723 methods: ('lstm', 49.0082604)('rfr', 17.6144734)('kr', 16.99125751)('svr', 16.3860087)
 MAPE: 0.5076254076076788 MSE: 0.028068671084047443 methods: ('cnn', 38.54406599)('lstm', 36.54293552)('rfr', 12.6803256)('kr', 12.23267289)
 MAPE: 0.48724755380996665 MSE: 0.025535190528237623 methods: ('lstm', 46.32451883)('cnn', 37.50738958)('rfr', 16.16809159)
 MAPE: 0.10917650676545226 MSE: 0.03109410331893346 methods: ('lstm', 81.89168913)('kr', 9.15516538)('rfr', 8.95314549)
 MAPE: 0.10564092690463164 MSE: 0.02863189416508939 methods: ('lstm', 44.55465434)('cnn', 39.62801062)('rfr', 15.81733505)
 MAPE: 0.11708363539793826 MSE: 0.03613933845916678 methods: ('lstm', 56.73438109)('rfr', 21.74332839)('kr', 21.52229052)
 MAPE: 0.0888945122611835 MSE: 0.020643733964928253 methods: ('lstm', 58.86864219)('rfr', 20.66971173)('kr', 20.46164609)
 MAPE: 0.09400990260258736 MSE: 0.022979739861163247 methods: ('lstm', 44.45632786)('cnn', 40.03755424)('rfr', 15.5061179)
 MAPE: 0.09874183500134179 MSE: 0.025966312824662326 methods: ('lstm', 43.98352127)('cnn', 40.73744242)('rfr', 15.27903631)
 MAPE: 0.12364488364369661 MSE: 0.037809227762875416 methods: ('lstm', 45.0382592)('cnn', 37.68181702)('rfr', 17.27992379)
 MAPE: 0.08943405212483212 MSE: 0.021548160113168367 methods: ('lstm', 58.18549535)('rfr', 21.01283455)('kr', 20.8016701)
 MAPE: 0.11761287760463965 MSE: 0.03637900519019162 methods: ('lstm', 56.72919929)('rfr', 21.74476751)('kr', 21.5260332)
 MAPE: 0.09714902057227716 MSE: 0.024532914012903306 methods: ('lstm', 45.54947885)('cnn', 38.74972117)('rfr', 15.70079997)
 MAPE: 0.12162521670393177 MSE: 0.036814376158806415 methods: ('lstm', 47.46933013)('cnn', 34.33479941)('rfr', 18.19587045)
 MAPE: 0.0844923823469543 MSE: 0.019772220433316966 methods: ('lstm', 58.29727961)('rfr', 20.95708123)('kr', 20.74563916)
 MAPE: 0.09260060428186671 MSE: 0.02254934574853235 methods: ('lstm', 46.76842114)('cnn', 36.61773034)('rfr', 16.61384851)
 MAPE: 0.08411406333414816 MSE: 0.01895715349259705 methods: ('lstm', 52.54664626)('cnn', 28.82193272)('rfr', 18.63142102)
 MAPE: 0.08411406333414816 MSE: 0.01895715349259705 methods: ('lstm', 52.54664626)('cnn', 28.82193272)('rfr', 18.63142102)
 MAPE: 0.12486748187580161 MSE: 0.038434829815680256 methods: ('lstm', 43.18115342)('cnn', 40.23679914)('rfr', 16.58204743)
 MAPE: 0.13876196022786205 MSE: 0.0474361865859403 methods: ('rfr', 34.24272862)('kr', 33.89926413)('svr', 31.85800725)
 MAPE: 0.14540918471660932 MSE: 0.053115921079500195 methods: ('cnn', 55.07737696)('rfr', 22.57395011)('kr', 22.34867292)
 MAPE: 0.10517139332898455 MSE: 0.028774090340608717 methods: ('lstm', 45.58427896)('cnn', 38.59657386)('rfr', 15.81914718)
 MAPE: 0.14417111288135587 MSE: 0.05224857270952989 methods: ('lstm', 0.290759)('cnn', 0.24618797)('rfr', 0.10090232)('kr', 99.36215072)
 MAPE: 0.12929648639836017 MSE: 0.04131539263885483 methods: ('lstm', 0.00197263)('cnn', 0.00167024)('rfr', 0.00068456)('kr', 0.67411387)('svr', 99.3215587)
 MAPE: 0.11145053241527374 MSE: 0.03166385499227695 methods: ('lstm', 34.96276302)('cnn', 29.6032513)('rfr', 12.13315439)('kr', 12.01207133)('svr', 11.28875996)
 MAPE: 0.10978052581778777 MSE: 0.031002476214375 methods: ('lstm', 39.41187499)('cnn', 33.37035001)('rfr', 13.67713311)('kr', 13.54064189)
 MAPE: 0.11028343408032595 MSE: 0.030995451929705882 methods: ('lstm', 32.38483843)('cnn', 27.42050191)('rfr', 11.23853524)('kr', 11.12638006)('svr', 10.45640092)('hw', 7.37334345)
 MAPE: 0.10430747244742154 MSE: 0.028366574510402393 methods: ('lstm', 46.65686675)('cnn', 37.83579713)('rfr', 15.50733611)
 MAPE: 0.09843693107048854 MSE: 5.246315802860325 methods: ('lstm', 73.72852751)('svr', 22.55151185)('kr', 3.71996064)
 MAPE: 0.10693155738292234 MSE: 6.1931105938180915 methods: ('lstm', 73.55450557)('svr', 22.70089282)('kr', 3.74460162)
